start=931.388789
volume=82.000000
fullscreen=yes
