start=39.773000
volume=80.000000
