start=8.483000
volume=82.000000
