start=73.448000
volume=84.000000
