start=39.497792
volume=130.000000
fullscreen=yes
