start=321.155000
volume=94.000000
