start=2570.920000
volume=62.000000
