start=934.433000
pause=yes
volume=76.000000
