start=135.840000
volume=88.000000
