start=77.536000
volume=84.000000
fullscreen=yes
