start=2378.835000
volume=68.000000
