start=25.150000
volume=80.000000
fullscreen=yes
