start=800.029000
volume=86.000000
contrast=-1
