start=48.298250
volume=94.000000
fullscreen=yes
