start=244.854000
volume=90.000000
