start=1564.133000
volume=74.000000
