start=2516.180000
volume=74.000000
