start=381.514467
pause=yes
volume=74.000000
