start=710.585000
pause=yes
volume=98.000000
