start=1020.373521
volume=86.000000
