start=2972.960000
volume=88.000000
