start=25.567000
volume=74.000000
