start=-120.000000
volume=80.000000
