start=2512.677000
volume=78.000000
