start=6215.542000
volume=106.000000
