start=24.733000
volume=82.000000
