start=1365.197000
volume=64.000000
