start=29.926000
volume=80.000000
