start=78.774988
volume=64.000000
