start=627.960667
volume=64.000000
