start=37.371000
volume=80.000000
