start=222.034000
volume=118.000000
border=no
