start=7352.352352
volume=72.000000
fullscreen=yes
