start=33.400000
volume=54.000000
