start=610.518276
volume=114.000000
ab-loop-a=347.340345
