start=2506.212000
volume=84.000000
sub-visibility=no
