start=15.083670
volume=102.000000
