start=2298.700000
volume=84.000000
