start=30.635000
volume=70.000000
fullscreen=yes
