start=2516.514000
pause=yes
volume=90.000000
sid=1
sub-visibility=no
