start=2319.567000
volume=102.000000
fullscreen=yes
