start=7.925000
volume=82.000000
