start=2531.362000
volume=102.000000
sid=1
