start=20.080000
volume=64.000000
