start=10.577000
volume=74.000000
