start=779.112000
pause=yes
volume=86.000000
