start=281.739789
volume=98.000000
