start=224.843874
volume=68.000000
