start=705.392000
volume=130.000000
