start=5535.446583
volume=58.000000
fullscreen=yes
