start=611.068792
volume=96.000000
