start=136.178000
volume=86.000000
