start=1346.220000
volume=96.000000
