start=1371.036000
volume=70.000000
