start=63.021000
pause=yes
volume=88.000000
