start=201.516132
volume=56.000000
