start=3350.433000
pause=yes
volume=76.000000
