start=2418.916000
pause=yes
volume=82.000000
