start=1389.179000
volume=80.000000
