start=4821.840000
volume=94.000000
