start=2267.100000
volume=84.000000
