start=285.818867
volume=80.000000
