start=21.980000
pause=yes
volume=90.000000
