start=54.805000
volume=78.000000
