start=50.550000
volume=80.000000
