start=1207.641000
volume=56.000000
