start=0.700000
volume=58.000000
