start=71.238000
volume=72.000000
