start=1357.898000
volume=70.000000
fullscreen=yes
