start=4572.693000
volume=130.000000
