start=36.303000
volume=80.000000
fullscreen=yes
