start=6.100000
volume=96.000000
