start=1317.003187
volume=64.000000
