start=64.856000
volume=124.000000
