start=3475.640000
volume=66.000000
fullscreen=yes
