start=22.773000
volume=96.000000
deinterlace=yes
