start=435.383000
volume=84.000000
