start=184.166667
pause=yes
volume=124.000000
