start=67.755000
volume=76.000000
