start=39.622917
volume=92.000000
