start=1957.205000
volume=94.000000
