start=8537.562000
volume=94.000000
