start=6160.863000
volume=68.000000
