start=480.747000
volume=76.000000
fullscreen=yes
