start=2584.165000
volume=102.000000
sub-visibility=no
