start=154.295134
volume=90.000000
