start=1581.700000
volume=74.000000
fullscreen=yes
