start=2530.570000
volume=76.000000
sid=no
