start=0.000000
volume=74.000000
fullscreen=yes
