start=23.169000
volume=84.000000
