start=28.528000
volume=84.000000
