start=1156.030000
volume=92.000000
fullscreen=yes
