start=2825.323000
pause=yes
volume=90.000000
