start=2285.283000
volume=86.000000
