start=0.042000
volume=88.000000
