start=11.658000
volume=76.000000
