start=24.545441
volume=84.000000
