start=1259.780000
volume=92.000000
fullscreen=yes
