start=2917.789875
volume=72.000000
