start=64.231000
volume=68.000000
