start=131.698000
volume=96.000000
