start=25.943000
volume=54.000000
