start=69.945000
volume=76.000000
