start=42.959583
volume=98.000000
fullscreen=yes
