start=257.560000
volume=130.000000
