start=213.004000
volume=86.000000
