start=3537.800000
volume=92.000000
