start=15.891000
volume=98.000000
