start=8.396339
volume=130.000000
