start=138.888750
volume=66.000000
