start=1175.466000
volume=84.000000
