start=867.326000
volume=110.000000
sub-visibility=no
