start=0.647000
volume=74.000000
