start=184.310434
volume=60.000000
