start=3327.280000
volume=62.000000
