start=828.600000
pause=yes
volume=126.000000
