start=4.737274
volume=76.000000
