start=15.224000
volume=82.000000
fullscreen=yes
