start=61.562000
volume=86.000000
