start=44.357000
volume=86.000000
