start=28.362000
volume=96.000000
fullscreen=yes
