start=31.657000
volume=84.000000
