start=1481.021208
volume=104.000000
fullscreen=yes
sid=1
