start=18.143000
volume=94.000000
fullscreen=yes
