start=37.771000
volume=90.000000
