start=20.395000
volume=88.000000
