start=363.529833
volume=64.000000
