start=2800.965000
volume=74.000000
