start=1035.910000
volume=88.000000
fullscreen=yes
