start=1324.428000
volume=80.000000
