start=42.667625
volume=94.000000
