start=3791.688000
volume=88.000000
