start=0.200000
volume=120.000000
