start=680.284000
volume=84.000000
