start=1035.200833
volume=64.000000
