start=20765.566000
volume=80.000000
fullscreen=yes
