start=2190.646000
volume=88.000000
fullscreen=yes
