start=1914.725000
volume=82.000000
