start=1927.525600
volume=74.000000
