start=1773.640000
pause=yes
volume=84.000000
