start=55.305250
volume=66.000000
