start=865.782000
volume=82.000000
fullscreen=yes
