start=45.233000
volume=80.000000
fullscreen=yes
