start=416.767000
volume=90.000000
fullscreen=yes
