start=1482.600000
volume=88.000000
